.Random.seed <-
c(10403L, 10L, -2080702243L, 106644948L, -886204166L, -1386315707L, 
-71669601L, -1775619546L, 118851248L, -872092845L, -1843591567L, 
531147680L, -2021442754L, -1632337335L, -302418181L, -1152481590L, 
859977772L, 667869231L, -2003558171L, -1839019620L, 2031072242L, 
1221291629L, 1597365159L, 2049385934L, -58420440L, -266913493L, 
-1990818999L, 1293412440L, 358026502L, 592955617L, -1791156109L, 
1195457762L, -1254986668L, -1531195049L, -1279151795L, -58522396L, 
-596174646L, -451807947L, -1243849841L, -794681194L, 1111081024L, 
-1245484797L, 1628718369L, 376981008L, -1274595858L, 1913809305L, 
-460446165L, 443756314L, -533793316L, 392059871L, 962472885L, 
-1282337460L, 1413751714L, 778996477L, -821201929L, 913755422L, 
-927174696L, 2058412347L, -1347193127L, 791439976L, 1287322518L, 
1823563537L, -808253245L, 1046337746L, -1960747676L, -1680482137L, 
-216861187L, 378513396L, 1379905754L, -448609755L, 111206207L, 
-1013994298L, 1423597904L, -1465798285L, 143080337L, 1514761664L, 
1253713822L, -1963230871L, 1487444379L, 1024617642L, 1713846988L, 
-873315441L, 1777842117L, -1750221956L, 625705938L, -639282355L, 
-39579129L, -1838173714L, 1998343368L, -1638775861L, 946554409L, 
901450872L, 521570726L, -1958958143L, 1830905939L, -1236435198L, 
-1517032908L, -876937289L, -310673491L, 1016274116L, -76394262L, 
1381877589L, -489662225L, 520556278L, 1900788256L, -320753693L, 
429048961L, -1451322640L, -1742849650L, 1549358841L, 1360143499L, 
-1807725382L, 689473468L, 1828107519L, 798693461L, -1737806996L, 
-2011380798L, 1933804573L, 955217047L, -1890123266L, 776274360L, 
-348516965L, -1670294535L, 395844424L, -1493600650L, 742780849L, 
-1453288989L, 1983026866L, -1186157820L, -1509861305L, -1472671971L, 
-1476536940L, -786564806L, -767580795L, 112848479L, 611334374L, 
-649462928L, 867114131L, -1581381327L, -485896224L, 173552766L, 
394589961L, 1212299579L, -1890362102L, -676195092L, -536575633L, 
138888869L, -1611786148L, -1420545998L, 1261922093L, -1303517721L, 
-386213618L, -673071384L, 429969643L, 1362809225L, -1921036008L, 
-1617304506L, 932539553L, 1520628531L, -960800094L, -1200475756L, 
-1356136425L, 1682298893L, -290484956L, 1268889866L, 1341034613L, 
-951059505L, 789490902L, 1520557184L, -1890532669L, 959196257L, 
704777424L, 341581358L, 269311961L, 799080427L, -1321986470L, 
1297920028L, 604294431L, -332911243L, -401597428L, 1894317538L, 
317341373L, -117581513L, 206110174L, 1707103000L, -1267737989L, 
-1908041703L, 1799573672L, -177171882L, -868344111L, -1669501309L, 
174269714L, 1008799908L, -1140469657L, 1459593661L, 913173300L, 
-990879590L, -2031442203L, 609144959L, 307825158L, -2121845360L, 
-822884301L, 280438737L, -1476514432L, -2021007266L, 1311018921L, 
1141315163L, -752997782L, 2147063564L, -1750343345L, -236848635L, 
551487676L, 1635164562L, 1553316493L, 568371399L, 1697389998L, 
1018152968L, -1480696821L, -1507215127L, 1406425016L, -952094618L, 
-275742463L, -40872045L, -992499646L, -1213956108L, 1793710583L, 
500010477L, -336252L, 2048655530L, -551126886L, -873980208L, 
-629400388L, 840059540L, -1028877694L, 1393836224L, 653948220L, 
1159493776L, -1010035166L, -1271836152L, -284599028L, 1670009500L, 
-812874222L, 617646464L, 491108884L, -2128720344L, -1326575302L, 
724253648L, 1580793452L, -1843662028L, 617026194L, -1107802784L, 
-2074231476L, 1387705312L, -1847750750L, -671932504L, 2119624588L, 
-1985697092L, -370699406L, -1754208016L, -992754620L, 1929315672L, 
-170237894L, 988509040L, -1918962628L, 1514699540L, -1147370046L, 
1512209632L, 1198153596L, 243488464L, 1400826530L, -1230257112L, 
-587058932L, -1271088196L, -1557111502L, -1717942336L, -1225181644L, 
-1913371704L, 767950010L, 1801215888L, 1736098284L, -364833708L, 
-1958753646L, -971773152L, -1661949492L, -836373536L, -976613694L, 
-799189464L, 77844140L, -1935376708L, -1051606542L, -344526544L, 
-341440348L, 1135033016L, -501139622L, -428126832L, 408165756L, 
1106970900L, 1626932546L, 2047759104L, 1120420796L, 1251930960L, 
2124930338L, -1451030200L, 2107235340L, 1692079196L, 1145144530L, 
-1100418048L, 1204479828L, 1336531432L, 1988797434L, 1808425680L, 
1766739244L, 1003111668L, -1274817646L, 1255707744L, 21854476L, 
1407054560L, 893468002L, -1038010712L, 1501322828L, 979096444L, 
976461618L, 124045936L, -251973308L, 1094592472L, -1677052806L, 
-1041167824L, -2123327812L, -1779153068L, -977422782L, -790866016L, 
89965756L, 1395872208L, 1479373154L, 1758597096L, -1483902004L, 
-391629060L, 1083438066L, 2032880768L, 497895668L, -174350200L, 
1894969658L, 1937378128L, -1281044372L, -1788957548L, 1303549266L, 
1949727456L, 395803852L, 1230234784L, -1004845694L, -2013031192L, 
-1688492820L, -941414340L, -2139640718L, -1133015952L, -1447128540L, 
687322680L, -1474780646L, 309513424L, -456733124L, 1919633556L, 
2066805890L, -1518586944L, -1408874180L, -980676976L, -2119363550L, 
2128232456L, 1319552140L, -1378255844L, 324440210L, 864656512L, 
-1121350636L, 1733961512L, 149491770L, 2051463376L, -908754836L, 
-1173170508L, -2077426670L, 637162464L, -1201855540L, -343881248L, 
1530828834L, 1386237224L, -990592756L, -938982852L, 129591538L, 
242642160L, -1308795068L, 1768946776L, 1489567290L, 2038978800L, 
578897596L, -1963384300L, -1644649278L, -441329056L, 1057448316L, 
176135376L, 2026582050L, -305220440L, 877588876L, -1645022788L, 
445475890L, 1374080832L, 1482132148L, -609419960L, -1178700102L, 
922266384L, 1181112556L, -1739887532L, -113200366L, -126440032L, 
2067515340L, 1203739488L, -880767806L, -940559832L, -704291412L, 
634884924L, -841908366L, -1496379600L, 1468886052L, 318722616L, 
1526519514L, -329743472L, -772783876L, 751241620L, 1397386050L, 
-1931955712L, -2037410756L, 1680886352L, 783324322L, 2102138696L, 
-1192057332L, -1984477476L, 1700757586L, 58785920L, 1149838164L, 
1214493672L, -1483996422L, -43782320L, 628903980L, -111857292L, 
866024082L, -290123168L, 953461900L, 30989664L, -1286487838L, 
-850966360L, -1473715508L, 718628348L, -1765476430L, 1121583088L, 
-1374609980L, -577930920L, 604171642L, 1434283440L, 1790482876L, 
1317305563L, -1684721219L, 2086678314L, 594745288L, 1639271665L, 
1112842851L, -1058535836L, 1660915090L, 1664805479L, -753868239L, 
170389366L, 951211156L, 1018628773L, 1162979247L, -709602200L, 
-331556794L, 354594291L, 1117415765L, -1316709582L, -1053556992L, 
-1775514647L, -720226725L, 1132873900L, 1011130042L, 1497422959L, 
-2091755015L, -1688847218L, -1515014820L, 1037747661L, -531887817L, 
690328512L, 1002794142L, 1748570475L, 1372047597L, 1197502810L, 
685017624L, 1382193025L, 1149031731L, -1809687724L, 1031515490L, 
-189936137L, -1564531135L, 1118511814L, -1812884476L, 4940725L, 
-494814049L, 1400543480L, -403320618L, -32237213L, 1698477349L, 
-464629054L, -1716740176L, 1661002713L, -1812665013L, 239504316L, 
-1449651222L, 196367391L, -297577815L, -1787931074L, -39924948L, 
76727677L, -1327428665L, 969358000L, 1112189134L, 1426964987L, 
-144436643L, -1399419510L, 1331451304L, -511214831L, 1411602947L, 
-1756844796L, 1593354546L, -2059389049L, -1841486383L, -2001266858L, 
776414516L, -1011553211L, -1276996465L, -511196664L, 1199193638L, 
-1815738669L, 643037237L, -75147374L, 2122164064L, 1667801801L, 
1390585339L, -721661492L, 648681562L, -18487985L, -596120551L, 
-819072466L, 399831100L, -1064151635L, 591947351L, 1096374176L, 
315897086L, 1838335947L, -745532979L, 441738490L, -359078088L, 
842593505L, -6006893L, -954610764L, 485179586L, -1194306345L, 
528187681L, 55920870L, -877052444L, -455780075L, 271782207L, 
-945734440L, -1738656522L, -306573565L, 152922181L, 223021154L, 
-936525872L, -1797339911L, 630820395L, -2134926948L, 1084205514L, 
417442495L, -103523319L, 632511774L, -593739572L, 1060381853L, 
-936281817L, 1546175312L, 111959534L, 125545115L, 378486013L, 
695657450L, 1723069576L, -855619023L, -763904861L, 1289887908L, 
-2022305454L, 756018343L, 1505315057L, -1927962570L, -347160364L, 
-1296141211L, 932736623L, 2055573672L, 878231046L, -437756109L, 
